loop_rate = 0.01000
loop_step = 0.00050
display_rate = 0.02000
display_vehicle_rate = 0.500000

num_veh = 3
num_plume = 3
veh0_pos_x = 80.000000
veh0_pos_y = 30.000000
veh0_pos_z = 5.000000
veh0_color = 255,0,0

veh1_pos_x = 80.000000
veh1_pos_y = -15.000000
veh1_pos_z = 5.000000
veh1_color = 30,175,0

veh2_pos_x = 60.000000
veh2_pos_y = -25.000000
veh2_pos_z = 5.000000
veh2_color = 223,126,0

speedx = 1.000000
speedy = 0.000000
speedz = 0.000000

wind_spectral_density = 1.000000
wind_bandwidth = 0.075000
wind_damping = 0.100000
wind_gain = 8.000000
sigmax = 0.000000
sigmay = 2.000000
sigmaz = 0.000000
odor_num_per_second = 5
puffs_growth_rate = 0.001000
wn = 6
wm = 10
strategy = 3

plume0_pos_x = 20.000000
plume0_pos_y =  0.000000
plume0_pos_z =  0.000000

plume1_pos_x = 5.000000
plume1_pos_y = 25.000000
plume1_pos_z =  0.000000

plume2_pos_x =  15.000000
plume2_pos_y = -23.000000
plume2_pos_z =   0.000000

plume_length = 600.000000
threshold = 0.000700
radius = 1.000000
n_itt = 100
max_t = 300.000000

color_main_bkg = 255,255,255
color_top_bkg = 211,211,211
color_right_bkg = 211,211,211

color_grid_back = 230,230,230
color_grid_front = 0,0,0
color_chem = 0,0,0
color_wind = 0,0,255
color_text = 0,0,0
