speedx=1.000000
speedy=0.000000
speedz=0.000000
wind_bandwidth=0.25132741928100588
wind_damping=0.200000
wind_gain=5.000000
sigmax=2.000000
sigmay=2.000000
sigmaz=0.100000
odor_num_per_second=10
puffs_growth_rate=0.001000
wn=3
wm=6
source_pos_x=20.000000
source_pos_y=00.000000
source_pos_z=5.000000
veh_pos_x=80.000000
veh_pos_y=30.000000
veh_pos_z=5.000000
plume_length=200.000000
threshold=0.040000
color_bkg=0,0,0
color_grid_front=255,0,0
color_grid_mid=200,0,0
color_grid_back=125,0,0
color_chem=0,255,0
color_wind=128,128,255
color_veh=255,255,255
color_text=0,255,0
